#pragma once
#include <array>

template<int N>
struct DGConstants;

template<>
struct DGConstants<3>
{
    static constexpr std::array<std::array<double,3>,3> D = {{
        {{ -1.5, 2.0, -0.5 }},
        {{ -0.5, 0.0, 0.5 }},
        {{ 0.5, -2.0, 1.5 }},
    }};
};

template<>
struct DGConstants<4>
{
    static constexpr std::array<std::array<double,4>,4> D = {{
        {{ -3.0, 4.045084971874737, -1.5450849718747373, 0.5 }},
        {{ -0.8090169943749473, 0.0, 1.118033988749895, -0.30901699437494745 }},
        {{ 0.30901699437494745, -1.118033988749895, 0.0, 0.8090169943749473 }},
        {{ -0.5, 1.5450849718747373, -4.045084971874737, 3.0 }},
    }};
};

template<>
struct DGConstants<5>
{
    static constexpr std::array<std::array<double,5>,5> D = {{
        {{ -5.0, 6.75650248872424, -2.6666666666666665, 1.4101641779424263, -0.5 }},
        {{ -1.240990253030983, 0.0, 1.7457431218879391, -0.7637626158259733, 0.25900974696901713 }},
        {{ 0.375, -1.336584577695453, 0.0, 1.336584577695453, -0.375 }},
        {{ -0.25900974696901713, 0.7637626158259733, -1.7457431218879391, 0.0, 1.240990253030983 }},
        {{ 0.5, -1.4101641779424263, 2.6666666666666665, -6.75650248872424, 5.0 }},
    }};
};

template<>
struct DGConstants<6>
{
    static constexpr std::array<std::array<double,6>,6> D = {{
        {{ -7.5, 10.141415936319667, -4.036187270305349, 2.244684648176167, -1.3499133141904875, 0.5 }},
        {{ -1.7863649483390955, 0.0, 2.523426777429456, -1.1528281585359297, 0.6535475074298002, -0.2377811779842314 }},
        {{ 0.4849510478535692, -1.7212569528302328, 0.0, 1.752961966367866, -0.7863566722232406, 0.26970061083203895 }},
        {{ -0.26970061083203895, 0.7863566722232406, -1.752961966367866, 0.0, 1.7212569528302328, -0.4849510478535692 }},
        {{ 0.2377811779842314, -0.6535475074298002, 1.1528281585359297, -2.523426777429456, 0.0, 1.7863649483390955 }},
        {{ -0.5, 1.3499133141904875, -2.244684648176167, 4.036187270305349, -10.141415936319667, 7.5 }},
    }};
};

